0.003340   0.004911   0.006545   0.008262   0.010070   0.011970   0.013957   0.016018   0.018137   0.020289   0.022450   0.024593   0.026688   0.028710   0.030632   0.032429   0.034079   0.035559   0.036851   0.037934   0.038797   0.039434   0.039841   0.040018   0.039964   0.039689   0.039208   0.038533   0.037670   0.036612   0.035343   0.033836   0.032060   0.030017   0.027717   0.025188   
0.008045   0.010762   0.013563   0.016429   0.019324   0.022210   0.025048   0.027802   0.030438   0.032930   0.035250   0.037375   0.039282   0.040944   0.042339   0.043450   0.044267   0.044789   0.045017   0.044964   0.044644   0.044075   0.043258   0.042191   0.040851   0.039196   0.037198   0.034870   0.032229   0.029301   0.026107   0.022669   0.019018   0.015205   0.011268   0.007241   
0.016268   0.019993   0.023649   0.027195   0.030591   0.033804   0.036803   0.039565   0.042064   0.044273   0.046161   0.047700   0.048876   0.049695   0.050168   0.050302   0.050100   0.049567   0.048711   0.047511   0.045913   0.043888   0.041453   0.038619   0.035421   0.031878   0.028030   0.023941   0.019658   0.015218   0.010653   0.005985   0.001235   -0.003577   -0.008428   -0.013295   
0.025774   0.029993   0.033986   0.037720   0.041171   0.044314   0.047125   0.049565   0.051603   0.053232   0.054458   0.055280   0.055675   0.055634   0.055159   0.054221   0.052762   0.050780   0.048288   0.045325   0.041909   0.038080   0.033913   0.029460   0.024768   0.019876   0.014816   0.009617   0.004299   -0.001125   -0.006638   -0.012206   -0.017789   -0.023358   -0.028889   -0.034358   
0.034814   0.039208   0.043266   0.046970   0.050298   0.053228   0.055741   0.057821   0.059439   0.060545   0.061084   0.061010   0.060266   0.058852   0.056797   0.054153   0.050947   0.047252   0.043147   0.038686   0.033900   0.028825   0.023497   0.017956   0.012237   0.006368   0.000365   -0.005772   -0.012031   -0.018366   -0.024710   -0.031003   -0.037195   -0.043284   -0.049297   -0.055159   
0.042659   0.047120   0.051221   0.054958   0.058302   0.061193   0.063544   0.065223   0.066090   0.066040   0.065106   0.063373   0.060934   0.057863   0.054267   0.050218   0.045765   0.040938   0.035756   0.030241   0.024429   0.018365   0.012089   0.005633   -0.000989   -0.007782   -0.014751   -0.021860   -0.029015   -0.036100   -0.043021   -0.049760   -0.056424   -0.063070   -0.069549   -0.075659   
0.049318   0.054120   0.058592   0.062625   0.066025   0.068556   0.069984   0.070226   0.069360   0.067568   0.065045   0.061934   0.058310   0.054218   0.049685   0.044730   0.039369   0.033622   0.027509   0.021072   0.014359   0.007411   0.000253   -0.007113   -0.014705   -0.022523   -0.030495   -0.038466   -0.046263   -0.053785   -0.061080   -0.068376   -0.075767   -0.083059   -0.089903   -0.095873   
0.055734   0.061091   0.065751   0.069416   0.071826   0.072799   0.072397   0.070934   0.068734   0.065944   0.062616   0.058785   0.054468   0.049669   0.044393   0.038653   0.032469   0.025862   0.018880   0.011576   0.003994   -0.003843   -0.011941   -0.020324   -0.028989   -0.037831   -0.046635   -0.055172   -0.063328   -0.071206   -0.079160   -0.087402   -0.095680   -0.103545   -0.110416   -0.116207   
0.061402   0.066394   0.070180   0.072429   0.073076   0.072502   0.071083   0.069019   0.066369   0.063155   0.059394   0.055087   0.050225   0.044800   0.038821   0.032314   0.025314   0.017864   0.010027   0.001856   -0.006625   -0.015424   -0.024572   -0.034062   -0.043778   -0.053464   -0.062820   -0.071685   -0.080185   -0.088783   -0.097879   -0.107298   -0.116477   -0.124582   -0.131461   -0.137667   
0.063740   0.067402   0.069590   0.070539   0.070524   0.069738   0.068292   0.066191   0.063433   0.060025   0.055965   0.051243   0.045849   0.039789   0.033093   0.025809   0.017986   0.009692   0.000991   -0.008083   -0.017536   -0.027401   -0.037678   -0.048261   -0.058881   -0.069165   -0.078860   -0.088052   -0.097259   -0.107103   -0.117688   -0.128374   -0.138100   -0.146379   -0.153741   -0.160896   
0.061104   0.063529   0.065126   0.066071   0.066420   0.066099   0.065004   0.063103   0.060380   0.056842   0.052498   0.047348   0.041399   0.034678   0.027245   0.019172   0.010520   0.001368   -0.008233   -0.018275   -0.028795   -0.039801   -0.051216   -0.062791   -0.074117   -0.084800   -0.094814   -0.104639   -0.115053   -0.126605   -0.138852   -0.150533   -0.160603   -0.169381   -0.177699   -0.186189   
0.055238   0.057399   0.059255   0.060814   0.061858   0.062174   0.061576   0.059966   0.057323   0.053665   0.049023   0.043421   0.036888   0.029486   0.021305   0.012425   0.002927   -0.007113   -0.017668   -0.028765   -0.040427   -0.052606   -0.065106   -0.077539   -0.089381   -0.100415   -0.110966   -0.121829   -0.133973   -0.147552   -0.161342   -0.173660   -0.184243   -0.193929   -0.203559   -0.213566   
0.048889   0.051249   0.053474   0.055545   0.057235   0.058181   0.058107   0.056827   0.054285   0.050503   0.045545   0.039466   0.032326   0.024226   0.015282   0.005576   -0.004794   -0.015768   -0.027352   -0.039580   -0.052432   -0.065775   -0.079284   -0.092416   -0.104704   -0.116209   -0.127582   -0.139961   -0.154312   -0.170004   -0.184940   -0.197857   -0.209279   -0.220207   -0.231366   -0.242972   
0.042753   0.045540   0.048190   0.050636   0.052739   0.054219   0.054639   0.053699   0.051269   0.047359   0.042066   0.035486   0.027721   0.018908   0.009176   -0.001378   -0.012657   -0.024624   -0.037313   -0.050732   -0.064795   -0.079270   -0.093690   -0.107433   -0.120215   -0.132356   -0.144901   -0.159348   -0.176226   -0.193749   -0.209582   -0.223308   -0.235867   -0.248274   -0.261103   -0.274450   
0.036927   0.040211   0.043304   0.046116   0.048518   0.050360   0.051208   0.050592   0.048277   0.044231   0.038585   0.031485   0.023077   0.013532   0.002986   -0.008447   -0.020680   -0.033711   -0.047570   -0.062219   -0.077497   -0.093059   -0.108320   -0.122683   -0.136018   -0.149005   -0.163200   -0.180216   -0.199592   -0.218623   -0.235366   -0.250141   -0.264077   -0.278150   -0.292795   -0.308102   
0.031398   0.035176   0.038724   0.041898   0.044591   0.046665   0.047841   0.047512   0.045305   0.041116   0.035101   0.027462   0.018392   0.008091   -0.003295   -0.015643   -0.028887   -0.043049   -0.058133   -0.074036   -0.090523   -0.107141   -0.123231   -0.138228   -0.152189   -0.166347   -0.182742   -0.202566   -0.224235   -0.244592   -0.262392   -0.278432   -0.293948   -0.309857   -0.326520   -0.343976   
0.026185   0.030391   0.034383   0.037925   0.040906   0.043169   0.044559   0.044466   0.042352   0.038012   0.031611   0.023415   0.013662   0.002579   -0.009678   -0.022983   -0.037300   -0.052654   -0.069003   -0.086180   -0.103872   -0.121549   -0.138483   -0.154090   -0.168834   -0.184616   -0.203614   -0.226299   -0.250050   -0.271703   -0.290728   -0.308227   -0.325508   -0.343449   -0.362331   -0.382045   
0.021330   0.025864   0.030241   0.034148   0.037416   0.039858   0.041381   0.041461   0.039413   0.034913   0.028111   0.019339   0.008880   -0.003011   -0.016172   -0.030485   -0.045936   -0.062535   -0.080182   -0.098649   -0.117566   -0.136337   -0.154085   -0.170301   -0.186122   -0.203956   -0.225804   -0.251308   -0.276997   -0.300008   -0.320420   -0.339555   -0.358797   -0.378982   -0.400229   -0.422258   
0.016887   0.021614   0.026297   0.030533   0.034082   0.036698   0.038309   0.038497   0.036486   0.031815   0.024597   0.015228   0.004041   -0.008689   -0.022792   -0.038165   -0.054808   -0.072698   -0.091673   -0.111457   -0.131646   -0.151530   -0.170019   -0.186944   -0.204199   -0.224419   -0.249274   -0.277527   -0.305079   -0.329546   -0.351500   -0.372446   -0.393867   -0.416478   -0.440178   -0.464575   
0.012803   0.017690   0.022550   0.027060   0.030877   0.033660   0.035336   0.035577   0.033565   0.028713   0.021064   0.011078   -0.000863   -0.014462   -0.029550   -0.046038   -0.063928   -0.083149   -0.103482   -0.124627   -0.146152   -0.167117   -0.186293   -0.204133   -0.223153   -0.246009   -0.273981   -0.304918   -0.334310   -0.360348   -0.383988   -0.406940   -0.430756   -0.455927   -0.482139   -0.508968   
0.009169   0.014052   0.019042   0.023730   0.027777   0.030722   0.032448   0.032698   0.030650   0.025603   0.017507   0.006881   -0.005836   -0.020341   -0.036458   -0.054116   -0.073304   -0.093893   -0.115622   -0.138192   -0.161102   -0.183069   -0.202953   -0.221962   -0.243030   -0.268716   -0.299885   -0.333456   -0.364707   -0.392433   -0.417910   -0.443081   -0.469479   -0.497298   -0.526085   -0.555420   
0.006050   0.010723   0.015760   0.020539   0.024765   0.027865   0.029630   0.029859   0.027740   0.022482   0.013922   0.002635   -0.010889   -0.026336   -0.043528   -0.062410   -0.082942   -0.104937   -0.128110   -0.152185   -0.176486   -0.199372   -0.220067   -0.240498   -0.263846   -0.292529   -0.326963   -0.363123   -0.396285   -0.425817   -0.453293   -0.480903   -0.510029   -0.540564   -0.571997   -0.603917   
0.003499   0.007783   0.012684   0.017518   0.021842   0.025071   0.026869   0.027054   0.024833   0.019345   0.010303   -0.001669   -0.016028   -0.032455   -0.050772   -0.070931   -0.092849   -0.116289   -0.140968   -0.166626   -0.192273   -0.216038   -0.237692   -0.259787   -0.285606   -0.317440   -0.355194   -0.393913   -0.429058   -0.460514   -0.490172   -0.520425   -0.552385   -0.585704   -0.619861   -0.654451   
0.001490   0.005236   0.009858   0.014657   0.019004   0.022327   0.024153   0.024276   0.021928   0.016189   0.006647   -0.006034   -0.021261   -0.038708   -0.058200   -0.079685   -0.103030   -0.127959   -0.154221   -0.181514   -0.208440   -0.233104   -0.255880   -0.279857   -0.308306   -0.343440   -0.384561   -0.425827   -0.463037   -0.496541   -0.528576   -0.561649   -0.596525   -0.632704   -0.669664   -0.707014   
-0.000121   0.003139   0.007316   0.011928   0.016259   0.019625   0.021473   0.021521   0.019021   0.013010   0.002949   -0.010467   -0.026596   -0.045104   -0.065821   -0.088677   -0.113491   -0.139960   -0.167888   -0.196836   -0.224978   -0.250604   -0.274671   -0.300722   -0.331943   -0.370526   -0.415042   -0.458867   -0.498231   -0.533919   -0.568529   -0.604567   -0.642433   -0.681552   -0.721401   -0.761602   
-0.001449   0.001406   0.005062   0.009371   0.013622   0.016963   0.018818   0.018784   0.016110   0.009805   -0.000797   -0.014974   -0.032039   -0.051651   -0.073640   -0.097912   -0.124235   -0.152307   -0.181979   -0.212567   -0.241898   -0.268567   -0.294100   -0.322383   -0.356515   -0.398693   -0.446622   -0.493039   -0.534649   -0.572667   -0.610048   -0.649163   -0.690097   -0.732240   -0.775063   -0.818211 